,balance_of_Token_A,balance_of_Token_B,weight_of_token_A,weight_of_token_B,swap_fee,amount_token_B,price_of_token_B,simulation,subset,run,substep,timestep,par_swap_fee
0,100,100,0.5,0.5,0,1,1,0,0,1,0,0,0
1,99.00990099,100,0.5,0.5,0,1,1,0,0,1,1,1,0
2,98.01980198,100,0.5,0.5,0,1,1,0,0,1,1,2,0
3,97.02970297,100,0.5,0.5,0,1,1,0,0,1,1,3,0
4,96.03960396,100,0.5,0.5,0,1,1,0,0,1,1,4,0
5,95.04950495,100,0.5,0.5,0,1,1,0,0,1,1,5,0
6,94.05940594,100,0.5,0.5,0,1,1,0,0,1,1,6,0
7,93.06930693,100,0.5,0.5,0,1,1,0,0,1,1,7,0
8,92.07920792,100,0.5,0.5,0,1,1,0,0,1,1,8,0
9,91.08910891,100,0.5,0.5,0,1,1,0,0,1,1,9,0
10,90.0990099,100,0.5,0.5,0,1,1,0,0,1,1,10,0
11,89.10891089,100,0.5,0.5,0,1,1,0,0,1,1,11,0
12,88.11881188,100,0.5,0.5,0,1,1,0,0,1,1,12,0
13,87.12871287,100,0.5,0.5,0,1,1,0,0,1,1,13,0
14,86.13861386,100,0.5,0.5,0,1,1,0,0,1,1,14,0
15,85.14851485,100,0.5,0.5,0,1,1,0,0,1,1,15,0
16,84.15841584,100,0.5,0.5,0,1,1,0,0,1,1,16,0
17,83.16831683,100,0.5,0.5,0,1,1,0,0,1,1,17,0
18,82.17821782,100,0.5,0.5,0,1,1,0,0,1,1,18,0
19,81.18811881,100,0.5,0.5,0,1,1,0,0,1,1,19,0
20,80.1980198,100,0.5,0.5,0,1,1,0,0,1,1,20,0
21,79.20792079,100,0.5,0.5,0,1,1,0,0,1,1,21,0
22,78.21782178,100,0.5,0.5,0,1,1,0,0,1,1,22,0
23,77.22772277,100,0.5,0.5,0,1,1,0,0,1,1,23,0
24,76.23762376,100,0.5,0.5,0,1,1,0,0,1,1,24,0
25,75.24752475,100,0.5,0.5,0,1,1,0,0,1,1,25,0
26,74.25742574,100,0.5,0.5,0,1,1,0,0,1,1,26,0
27,73.26732673,100,0.5,0.5,0,1,1,0,0,1,1,27,0
28,72.27722772,100,0.5,0.5,0,1,1,0,0,1,1,28,0
29,71.28712871,100,0.5,0.5,0,1,1,0,0,1,1,29,0
30,70.2970297,100,0.5,0.5,0,1,1,0,0,1,1,30,0
31,69.30693069,100,0.5,0.5,0,1,1,0,0,1,1,31,0
32,68.31683168,100,0.5,0.5,0,1,1,0,0,1,1,32,0
33,67.32673267,100,0.5,0.5,0,1,1,0,0,1,1,33,0
34,66.33663366,100,0.5,0.5,0,1,1,0,0,1,1,34,0
35,65.34653465,100,0.5,0.5,0,1,1,0,0,1,1,35,0
36,64.35643564,100,0.5,0.5,0,1,1,0,0,1,1,36,0
37,63.36633663,100,0.5,0.5,0,1,1,0,0,1,1,37,0
38,62.37623762,100,0.5,0.5,0,1,1,0,0,1,1,38,0
39,61.38613861,100,0.5,0.5,0,1,1,0,0,1,1,39,0
40,60.3960396,100,0.5,0.5,0,1,1,0,0,1,1,40,0
41,59.40594059,100,0.5,0.5,0,1,1,0,0,1,1,41,0
42,58.41584158,100,0.5,0.5,0,1,1,0,0,1,1,42,0
43,57.42574257,100,0.5,0.5,0,1,1,0,0,1,1,43,0
44,56.43564356,100,0.5,0.5,0,1,1,0,0,1,1,44,0
45,55.44554455,100,0.5,0.5,0,1,1,0,0,1,1,45,0
46,54.45544554,100,0.5,0.5,0,1,1,0,0,1,1,46,0
47,53.46534653,100,0.5,0.5,0,1,1,0,0,1,1,47,0
48,52.47524752,100,0.5,0.5,0,1,1,0,0,1,1,48,0
49,51.48514851,100,0.5,0.5,0,1,1,0,0,1,1,49,0
50,50.4950495,100,0.5,0.5,0,1,1,0,0,1,1,50,0
51,49.5049505,100,0.5,0.5,0,1,1,0,0,1,1,51,0
52,48.51485149,100,0.5,0.5,0,1,1,0,0,1,1,52,0
53,47.52475248,100,0.5,0.5,0,1,1,0,0,1,1,53,0
54,46.53465347,100,0.5,0.5,0,1,1,0,0,1,1,54,0
55,45.54455446,100,0.5,0.5,0,1,1,0,0,1,1,55,0
56,44.55445545,100,0.5,0.5,0,1,1,0,0,1,1,56,0
57,43.56435644,100,0.5,0.5,0,1,1,0,0,1,1,57,0
58,42.57425743,100,0.5,0.5,0,1,1,0,0,1,1,58,0
59,41.58415842,100,0.5,0.5,0,1,1,0,0,1,1,59,0
60,40.59405941,100,0.5,0.5,0,1,1,0,0,1,1,60,0
61,39.6039604,100,0.5,0.5,0,1,1,0,0,1,1,61,0
62,38.61386139,100,0.5,0.5,0,1,1,0,0,1,1,62,0
63,37.62376238,100,0.5,0.5,0,1,1,0,0,1,1,63,0
64,36.63366337,100,0.5,0.5,0,1,1,0,0,1,1,64,0
65,35.64356436,100,0.5,0.5,0,1,1,0,0,1,1,65,0
66,34.65346535,100,0.5,0.5,0,1,1,0,0,1,1,66,0
67,33.66336634,100,0.5,0.5,0,1,1,0,0,1,1,67,0
68,32.67326733,100,0.5,0.5,0,1,1,0,0,1,1,68,0
69,31.68316832,100,0.5,0.5,0,1,1,0,0,1,1,69,0
70,30.69306931,100,0.5,0.5,0,1,1,0,0,1,1,70,0
71,29.7029703,100,0.5,0.5,0,1,1,0,0,1,1,71,0
72,28.71287129,100,0.5,0.5,0,1,1,0,0,1,1,72,0
73,27.72277228,100,0.5,0.5,0,1,1,0,0,1,1,73,0
74,26.73267327,100,0.5,0.5,0,1,1,0,0,1,1,74,0
75,25.74257426,100,0.5,0.5,0,1,1,0,0,1,1,75,0
76,24.75247525,100,0.5,0.5,0,1,1,0,0,1,1,76,0
77,23.76237624,100,0.5,0.5,0,1,1,0,0,1,1,77,0
78,22.77227723,100,0.5,0.5,0,1,1,0,0,1,1,78,0
79,21.78217822,100,0.5,0.5,0,1,1,0,0,1,1,79,0
80,20.79207921,100,0.5,0.5,0,1,1,0,0,1,1,80,0
81,19.8019802,100,0.5,0.5,0,1,1,0,0,1,1,81,0
82,18.81188119,100,0.5,0.5,0,1,1,0,0,1,1,82,0
83,17.82178218,100,0.5,0.5,0,1,1,0,0,1,1,83,0
84,16.83168317,100,0.5,0.5,0,1,1,0,0,1,1,84,0
85,15.84158416,100,0.5,0.5,0,1,1,0,0,1,1,85,0
86,14.85148515,100,0.5,0.5,0,1,1,0,0,1,1,86,0
87,13.86138614,100,0.5,0.5,0,1,1,0,0,1,1,87,0
88,12.87128713,100,0.5,0.5,0,1,1,0,0,1,1,88,0
89,11.88118812,100,0.5,0.5,0,1,1,0,0,1,1,89,0
90,10.89108911,100,0.5,0.5,0,1,1,0,0,1,1,90,0
91,9.900990099,100,0.5,0.5,0,1,1,0,0,1,1,91,0
92,8.910891089,100,0.5,0.5,0,1,1,0,0,1,1,92,0
93,7.920792079,100,0.5,0.5,0,1,1,0,0,1,1,93,0
94,6.930693069,100,0.5,0.5,0,1,1,0,0,1,1,94,0
95,5.940594059,100,0.5,0.5,0,1,1,0,0,1,1,95,0
96,4.95049505,100,0.5,0.5,0,1,1,0,0,1,1,96,0
97,3.96039604,100,0.5,0.5,0,1,1,0,0,1,1,97,0
98,2.97029703,100,0.5,0.5,0,1,1,0,0,1,1,98,0
99,1.98019802,100,0.5,0.5,0,1,1,0,0,1,1,99,0
100,0.9900990099,100,0.5,0.5,0,1,1,0,0,1,1,100,0
101,100,100,0.5,0.5,0,1,1,0,1,0,0,0,0.075
102,99.08347783,100,0.5,0.5,0,1,1,0,1,0,1,1,0.075
103,98.16695566,100,0.5,0.5,0,1,1,0,1,0,1,2,0.075
104,97.25043349,100,0.5,0.5,0,1,1,0,1,0,1,3,0.075
105,96.33391132,100,0.5,0.5,0,1,1,0,1,0,1,4,0.075
106,95.41738915,100,0.5,0.5,0,1,1,0,1,0,1,5,0.075
107,94.50086698,100,0.5,0.5,0,1,1,0,1,0,1,6,0.075
108,93.58434481,100,0.5,0.5,0,1,1,0,1,0,1,7,0.075
109,92.66782264,100,0.5,0.5,0,1,1,0,1,0,1,8,0.075
110,91.75130047,100,0.5,0.5,0,1,1,0,1,0,1,9,0.075
111,90.8347783,100,0.5,0.5,0,1,1,0,1,0,1,10,0.075
112,89.91825613,100,0.5,0.5,0,1,1,0,1,0,1,11,0.075
113,89.00173396,100,0.5,0.5,0,1,1,0,1,0,1,12,0.075
114,88.08521179,100,0.5,0.5,0,1,1,0,1,0,1,13,0.075
115,87.16868962,100,0.5,0.5,0,1,1,0,1,0,1,14,0.075
116,86.25216745,100,0.5,0.5,0,1,1,0,1,0,1,15,0.075
117,85.33564528,100,0.5,0.5,0,1,1,0,1,0,1,16,0.075
118,84.41912311,100,0.5,0.5,0,1,1,0,1,0,1,17,0.075
119,83.50260094,100,0.5,0.5,0,1,1,0,1,0,1,18,0.075
120,82.58607877,100,0.5,0.5,0,1,1,0,1,0,1,19,0.075
121,81.6695566,100,0.5,0.5,0,1,1,0,1,0,1,20,0.075
122,80.75303443,100,0.5,0.5,0,1,1,0,1,0,1,21,0.075
123,79.83651226,100,0.5,0.5,0,1,1,0,1,0,1,22,0.075
124,78.91999009,100,0.5,0.5,0,1,1,0,1,0,1,23,0.075
125,78.00346792,100,0.5,0.5,0,1,1,0,1,0,1,24,0.075
126,77.08694575,100,0.5,0.5,0,1,1,0,1,0,1,25,0.075
127,76.17042358,100,0.5,0.5,0,1,1,0,1,0,1,26,0.075
128,75.25390141,100,0.5,0.5,0,1,1,0,1,0,1,27,0.075
129,74.33737924,100,0.5,0.5,0,1,1,0,1,0,1,28,0.075
130,73.42085707,100,0.5,0.5,0,1,1,0,1,0,1,29,0.075
131,72.5043349,100,0.5,0.5,0,1,1,0,1,0,1,30,0.075
132,71.58781273,100,0.5,0.5,0,1,1,0,1,0,1,31,0.075
133,70.67129056,100,0.5,0.5,0,1,1,0,1,0,1,32,0.075
134,69.75476839,100,0.5,0.5,0,1,1,0,1,0,1,33,0.075
135,68.83824622,100,0.5,0.5,0,1,1,0,1,0,1,34,0.075
136,67.92172405,100,0.5,0.5,0,1,1,0,1,0,1,35,0.075
137,67.00520188,100,0.5,0.5,0,1,1,0,1,0,1,36,0.075
138,66.08867971,100,0.5,0.5,0,1,1,0,1,0,1,37,0.075
139,65.17215754,100,0.5,0.5,0,1,1,0,1,0,1,38,0.075
140,64.25563537,100,0.5,0.5,0,1,1,0,1,0,1,39,0.075
141,63.3391132,100,0.5,0.5,0,1,1,0,1,0,1,40,0.075
142,62.42259103,100,0.5,0.5,0,1,1,0,1,0,1,41,0.075
143,61.50606886,100,0.5,0.5,0,1,1,0,1,0,1,42,0.075
144,60.58954669,100,0.5,0.5,0,1,1,0,1,0,1,43,0.075
145,59.67302452,100,0.5,0.5,0,1,1,0,1,0,1,44,0.075
146,58.75650235,100,0.5,0.5,0,1,1,0,1,0,1,45,0.075
147,57.83998018,100,0.5,0.5,0,1,1,0,1,0,1,46,0.075
148,56.92345801,100,0.5,0.5,0,1,1,0,1,0,1,47,0.075
149,56.00693584,100,0.5,0.5,0,1,1,0,1,0,1,48,0.075
150,55.09041367,100,0.5,0.5,0,1,1,0,1,0,1,49,0.075
151,54.1738915,100,0.5,0.5,0,1,1,0,1,0,1,50,0.075
152,53.25736933,100,0.5,0.5,0,1,1,0,1,0,1,51,0.075
153,52.34084716,100,0.5,0.5,0,1,1,0,1,0,1,52,0.075
154,51.42432499,100,0.5,0.5,0,1,1,0,1,0,1,53,0.075
155,50.50780282,100,0.5,0.5,0,1,1,0,1,0,1,54,0.075
156,49.59128065,100,0.5,0.5,0,1,1,0,1,0,1,55,0.075
157,48.67475848,100,0.5,0.5,0,1,1,0,1,0,1,56,0.075
158,47.75823631,100,0.5,0.5,0,1,1,0,1,0,1,57,0.075
159,46.84171414,100,0.5,0.5,0,1,1,0,1,0,1,58,0.075
160,45.92519197,100,0.5,0.5,0,1,1,0,1,0,1,59,0.075
161,45.0086698,100,0.5,0.5,0,1,1,0,1,0,1,60,0.075
162,44.09214763,100,0.5,0.5,0,1,1,0,1,0,1,61,0.075
163,43.17562546,100,0.5,0.5,0,1,1,0,1,0,1,62,0.075
164,42.25910329,100,0.5,0.5,0,1,1,0,1,0,1,63,0.075
165,41.34258112,100,0.5,0.5,0,1,1,0,1,0,1,64,0.075
166,40.42605895,100,0.5,0.5,0,1,1,0,1,0,1,65,0.075
167,39.50953678,100,0.5,0.5,0,1,1,0,1,0,1,66,0.075
168,38.59301461,100,0.5,0.5,0,1,1,0,1,0,1,67,0.075
169,37.67649244,100,0.5,0.5,0,1,1,0,1,0,1,68,0.075
170,36.75997027,100,0.5,0.5,0,1,1,0,1,0,1,69,0.075
171,35.84344811,100,0.5,0.5,0,1,1,0,1,0,1,70,0.075
172,34.92692594,100,0.5,0.5,0,1,1,0,1,0,1,71,0.075
173,34.01040377,100,0.5,0.5,0,1,1,0,1,0,1,72,0.075
174,33.0938816,100,0.5,0.5,0,1,1,0,1,0,1,73,0.075
175,32.17735943,100,0.5,0.5,0,1,1,0,1,0,1,74,0.075
176,31.26083726,100,0.5,0.5,0,1,1,0,1,0,1,75,0.075
177,30.34431509,100,0.5,0.5,0,1,1,0,1,0,1,76,0.075
178,29.42779292,100,0.5,0.5,0,1,1,0,1,0,1,77,0.075
179,28.51127075,100,0.5,0.5,0,1,1,0,1,0,1,78,0.075
180,27.59474858,100,0.5,0.5,0,1,1,0,1,0,1,79,0.075
181,26.67822641,100,0.5,0.5,0,1,1,0,1,0,1,80,0.075
182,25.76170424,100,0.5,0.5,0,1,1,0,1,0,1,81,0.075
183,24.84518207,100,0.5,0.5,0,1,1,0,1,0,1,82,0.075
184,23.9286599,100,0.5,0.5,0,1,1,0,1,0,1,83,0.075
185,23.01213773,100,0.5,0.5,0,1,1,0,1,0,1,84,0.075
186,22.09561556,100,0.5,0.5,0,1,1,0,1,0,1,85,0.075
187,21.17909339,100,0.5,0.5,0,1,1,0,1,0,1,86,0.075
188,20.26257122,100,0.5,0.5,0,1,1,0,1,0,1,87,0.075
189,19.34604905,100,0.5,0.5,0,1,1,0,1,0,1,88,0.075
190,18.42952688,100,0.5,0.5,0,1,1,0,1,0,1,89,0.075
191,17.51300471,100,0.5,0.5,0,1,1,0,1,0,1,90,0.075
192,16.59648254,100,0.5,0.5,0,1,1,0,1,0,1,91,0.075
193,15.67996037,100,0.5,0.5,0,1,1,0,1,0,1,92,0.075
194,14.7634382,100,0.5,0.5,0,1,1,0,1,0,1,93,0.075
195,13.84691603,100,0.5,0.5,0,1,1,0,1,0,1,94,0.075
196,12.93039386,100,0.5,0.5,0,1,1,0,1,0,1,95,0.075
197,12.01387169,100,0.5,0.5,0,1,1,0,1,0,1,96,0.075
198,11.09734952,100,0.5,0.5,0,1,1,0,1,0,1,97,0.075
199,10.18082735,100,0.5,0.5,0,1,1,0,1,0,1,98,0.075
200,9.264305177,100,0.5,0.5,0,1,1,0,1,0,1,99,0.075
201,8.347783007,100,0.5,0.5,0,1,1,0,1,0,1,100,0.075
202,100,100,0.5,0.5,0,1,1,0,2,0,0,0,0.15
203,99.15716411,100,0.5,0.5,0,1,1,0,2,0,1,1,0.15
204,98.31432821,100,0.5,0.5,0,1,1,0,2,0,1,2,0.15
205,97.47149232,100,0.5,0.5,0,1,1,0,2,0,1,3,0.15
206,96.62865642,100,0.5,0.5,0,1,1,0,2,0,1,4,0.15
207,95.78582053,100,0.5,0.5,0,1,1,0,2,0,1,5,0.15
208,94.94298463,100,0.5,0.5,0,1,1,0,2,0,1,6,0.15
209,94.10014874,100,0.5,0.5,0,1,1,0,2,0,1,7,0.15
210,93.25731284,100,0.5,0.5,0,1,1,0,2,0,1,8,0.15
211,92.41447695,100,0.5,0.5,0,1,1,0,2,0,1,9,0.15
212,91.57164105,100,0.5,0.5,0,1,1,0,2,0,1,10,0.15
213,90.72880516,100,0.5,0.5,0,1,1,0,2,0,1,11,0.15
214,89.88596926,100,0.5,0.5,0,1,1,0,2,0,1,12,0.15
215,89.04313337,100,0.5,0.5,0,1,1,0,2,0,1,13,0.15
216,88.20029747,100,0.5,0.5,0,1,1,0,2,0,1,14,0.15
217,87.35746158,100,0.5,0.5,0,1,1,0,2,0,1,15,0.15
218,86.51462568,100,0.5,0.5,0,1,1,0,2,0,1,16,0.15
219,85.67178979,100,0.5,0.5,0,1,1,0,2,0,1,17,0.15
220,84.82895389,100,0.5,0.5,0,1,1,0,2,0,1,18,0.15
221,83.986118,100,0.5,0.5,0,1,1,0,2,0,1,19,0.15
222,83.1432821,100,0.5,0.5,0,1,1,0,2,0,1,20,0.15
223,82.30044621,100,0.5,0.5,0,1,1,0,2,0,1,21,0.15
224,81.45761031,100,0.5,0.5,0,1,1,0,2,0,1,22,0.15
225,80.61477442,100,0.5,0.5,0,1,1,0,2,0,1,23,0.15
226,79.77193852,100,0.5,0.5,0,1,1,0,2,0,1,24,0.15
227,78.92910263,100,0.5,0.5,0,1,1,0,2,0,1,25,0.15
228,78.08626673,100,0.5,0.5,0,1,1,0,2,0,1,26,0.15
229,77.24343084,100,0.5,0.5,0,1,1,0,2,0,1,27,0.15
230,76.40059494,100,0.5,0.5,0,1,1,0,2,0,1,28,0.15
231,75.55775905,100,0.5,0.5,0,1,1,0,2,0,1,29,0.15
232,74.71492315,100,0.5,0.5,0,1,1,0,2,0,1,30,0.15
233,73.87208726,100,0.5,0.5,0,1,1,0,2,0,1,31,0.15
234,73.02925136,100,0.5,0.5,0,1,1,0,2,0,1,32,0.15
235,72.18641547,100,0.5,0.5,0,1,1,0,2,0,1,33,0.15
236,71.34357957,100,0.5,0.5,0,1,1,0,2,0,1,34,0.15
237,70.50074368,100,0.5,0.5,0,1,1,0,2,0,1,35,0.15
238,69.65790778,100,0.5,0.5,0,1,1,0,2,0,1,36,0.15
239,68.81507189,100,0.5,0.5,0,1,1,0,2,0,1,37,0.15
240,67.97223599,100,0.5,0.5,0,1,1,0,2,0,1,38,0.15
241,67.1294001,100,0.5,0.5,0,1,1,0,2,0,1,39,0.15
242,66.2865642,100,0.5,0.5,0,1,1,0,2,0,1,40,0.15
243,65.44372831,100,0.5,0.5,0,1,1,0,2,0,1,41,0.15
244,64.60089241,100,0.5,0.5,0,1,1,0,2,0,1,42,0.15
245,63.75805652,100,0.5,0.5,0,1,1,0,2,0,1,43,0.15
246,62.91522062,100,0.5,0.5,0,1,1,0,2,0,1,44,0.15
247,62.07238473,100,0.5,0.5,0,1,1,0,2,0,1,45,0.15
248,61.22954883,100,0.5,0.5,0,1,1,0,2,0,1,46,0.15
249,60.38671294,100,0.5,0.5,0,1,1,0,2,0,1,47,0.15
250,59.54387705,100,0.5,0.5,0,1,1,0,2,0,1,48,0.15
251,58.70104115,100,0.5,0.5,0,1,1,0,2,0,1,49,0.15
252,57.85820526,100,0.5,0.5,0,1,1,0,2,0,1,50,0.15
253,57.01536936,100,0.5,0.5,0,1,1,0,2,0,1,51,0.15
254,56.17253347,100,0.5,0.5,0,1,1,0,2,0,1,52,0.15
255,55.32969757,100,0.5,0.5,0,1,1,0,2,0,1,53,0.15
256,54.48686168,100,0.5,0.5,0,1,1,0,2,0,1,54,0.15
257,53.64402578,100,0.5,0.5,0,1,1,0,2,0,1,55,0.15
258,52.80118989,100,0.5,0.5,0,1,1,0,2,0,1,56,0.15
259,51.95835399,100,0.5,0.5,0,1,1,0,2,0,1,57,0.15
260,51.1155181,100,0.5,0.5,0,1,1,0,2,0,1,58,0.15
261,50.2726822,100,0.5,0.5,0,1,1,0,2,0,1,59,0.15
262,49.42984631,100,0.5,0.5,0,1,1,0,2,0,1,60,0.15
263,48.58701041,100,0.5,0.5,0,1,1,0,2,0,1,61,0.15
264,47.74417452,100,0.5,0.5,0,1,1,0,2,0,1,62,0.15
265,46.90133862,100,0.5,0.5,0,1,1,0,2,0,1,63,0.15
266,46.05850273,100,0.5,0.5,0,1,1,0,2,0,1,64,0.15
267,45.21566683,100,0.5,0.5,0,1,1,0,2,0,1,65,0.15
268,44.37283094,100,0.5,0.5,0,1,1,0,2,0,1,66,0.15
269,43.52999504,100,0.5,0.5,0,1,1,0,2,0,1,67,0.15
270,42.68715915,100,0.5,0.5,0,1,1,0,2,0,1,68,0.15
271,41.84432325,100,0.5,0.5,0,1,1,0,2,0,1,69,0.15
272,41.00148736,100,0.5,0.5,0,1,1,0,2,0,1,70,0.15
273,40.15865146,100,0.5,0.5,0,1,1,0,2,0,1,71,0.15
274,39.31581557,100,0.5,0.5,0,1,1,0,2,0,1,72,0.15
275,38.47297967,100,0.5,0.5,0,1,1,0,2,0,1,73,0.15
276,37.63014378,100,0.5,0.5,0,1,1,0,2,0,1,74,0.15
277,36.78730788,100,0.5,0.5,0,1,1,0,2,0,1,75,0.15
278,35.94447199,100,0.5,0.5,0,1,1,0,2,0,1,76,0.15
279,35.10163609,100,0.5,0.5,0,1,1,0,2,0,1,77,0.15
280,34.2588002,100,0.5,0.5,0,1,1,0,2,0,1,78,0.15
281,33.4159643,100,0.5,0.5,0,1,1,0,2,0,1,79,0.15
282,32.57312841,100,0.5,0.5,0,1,1,0,2,0,1,80,0.15
283,31.73029251,100,0.5,0.5,0,1,1,0,2,0,1,81,0.15
284,30.88745662,100,0.5,0.5,0,1,1,0,2,0,1,82,0.15
285,30.04462072,100,0.5,0.5,0,1,1,0,2,0,1,83,0.15
286,29.20178483,100,0.5,0.5,0,1,1,0,2,0,1,84,0.15
287,28.35894893,100,0.5,0.5,0,1,1,0,2,0,1,85,0.15
288,27.51611304,100,0.5,0.5,0,1,1,0,2,0,1,86,0.15
289,26.67327714,100,0.5,0.5,0,1,1,0,2,0,1,87,0.15
290,25.83044125,100,0.5,0.5,0,1,1,0,2,0,1,88,0.15
291,24.98760535,100,0.5,0.5,0,1,1,0,2,0,1,89,0.15
292,24.14476946,100,0.5,0.5,0,1,1,0,2,0,1,90,0.15
293,23.30193356,100,0.5,0.5,0,1,1,0,2,0,1,91,0.15
294,22.45909767,100,0.5,0.5,0,1,1,0,2,0,1,92,0.15
295,21.61626177,100,0.5,0.5,0,1,1,0,2,0,1,93,0.15
296,20.77342588,100,0.5,0.5,0,1,1,0,2,0,1,94,0.15
297,19.93058999,100,0.5,0.5,0,1,1,0,2,0,1,95,0.15
298,19.08775409,100,0.5,0.5,0,1,1,0,2,0,1,96,0.15
299,18.2449182,100,0.5,0.5,0,1,1,0,2,0,1,97,0.15
300,17.4020823,100,0.5,0.5,0,1,1,0,2,0,1,98,0.15
301,16.55924641,100,0.5,0.5,0,1,1,0,2,0,1,99,0.15
302,15.71641051,100,0.5,0.5,0,1,1,0,2,0,1,100,0.15
303,100,100,0.5,0.5,0,1,1,0,3,0,0,0,0.225
304,99.23096006,100,0.5,0.5,0,1,1,0,3,0,1,1,0.225
305,98.46192012,100,0.5,0.5,0,1,1,0,3,0,1,2,0.225
306,97.69288018,100,0.5,0.5,0,1,1,0,3,0,1,3,0.225
307,96.92384024,100,0.5,0.5,0,1,1,0,3,0,1,4,0.225
308,96.1548003,100,0.5,0.5,0,1,1,0,3,0,1,5,0.225
309,95.38576036,100,0.5,0.5,0,1,1,0,3,0,1,6,0.225
310,94.61672042,100,0.5,0.5,0,1,1,0,3,0,1,7,0.225
311,93.84768048,100,0.5,0.5,0,1,1,0,3,0,1,8,0.225
312,93.07864054,100,0.5,0.5,0,1,1,0,3,0,1,9,0.225
313,92.3096006,100,0.5,0.5,0,1,1,0,3,0,1,10,0.225
314,91.54056065,100,0.5,0.5,0,1,1,0,3,0,1,11,0.225
315,90.77152071,100,0.5,0.5,0,1,1,0,3,0,1,12,0.225
316,90.00248077,100,0.5,0.5,0,1,1,0,3,0,1,13,0.225
317,89.23344083,100,0.5,0.5,0,1,1,0,3,0,1,14,0.225
318,88.46440089,100,0.5,0.5,0,1,1,0,3,0,1,15,0.225
319,87.69536095,100,0.5,0.5,0,1,1,0,3,0,1,16,0.225
320,86.92632101,100,0.5,0.5,0,1,1,0,3,0,1,17,0.225
321,86.15728107,100,0.5,0.5,0,1,1,0,3,0,1,18,0.225
322,85.38824113,100,0.5,0.5,0,1,1,0,3,0,1,19,0.225
323,84.61920119,100,0.5,0.5,0,1,1,0,3,0,1,20,0.225
324,83.85016125,100,0.5,0.5,0,1,1,0,3,0,1,21,0.225
325,83.08112131,100,0.5,0.5,0,1,1,0,3,0,1,22,0.225
326,82.31208137,100,0.5,0.5,0,1,1,0,3,0,1,23,0.225
327,81.54304143,100,0.5,0.5,0,1,1,0,3,0,1,24,0.225
328,80.77400149,100,0.5,0.5,0,1,1,0,3,0,1,25,0.225
329,80.00496155,100,0.5,0.5,0,1,1,0,3,0,1,26,0.225
330,79.23592161,100,0.5,0.5,0,1,1,0,3,0,1,27,0.225
331,78.46688167,100,0.5,0.5,0,1,1,0,3,0,1,28,0.225
332,77.69784173,100,0.5,0.5,0,1,1,0,3,0,1,29,0.225
333,76.92880179,100,0.5,0.5,0,1,1,0,3,0,1,30,0.225
334,76.15976185,100,0.5,0.5,0,1,1,0,3,0,1,31,0.225
335,75.39072191,100,0.5,0.5,0,1,1,0,3,0,1,32,0.225
336,74.62168196,100,0.5,0.5,0,1,1,0,3,0,1,33,0.225
337,73.85264202,100,0.5,0.5,0,1,1,0,3,0,1,34,0.225
338,73.08360208,100,0.5,0.5,0,1,1,0,3,0,1,35,0.225
339,72.31456214,100,0.5,0.5,0,1,1,0,3,0,1,36,0.225
340,71.5455222,100,0.5,0.5,0,1,1,0,3,0,1,37,0.225
341,70.77648226,100,0.5,0.5,0,1,1,0,3,0,1,38,0.225
342,70.00744232,100,0.5,0.5,0,1,1,0,3,0,1,39,0.225
343,69.23840238,100,0.5,0.5,0,1,1,0,3,0,1,40,0.225
344,68.46936244,100,0.5,0.5,0,1,1,0,3,0,1,41,0.225
345,67.7003225,100,0.5,0.5,0,1,1,0,3,0,1,42,0.225
346,66.93128256,100,0.5,0.5,0,1,1,0,3,0,1,43,0.225
347,66.16224262,100,0.5,0.5,0,1,1,0,3,0,1,44,0.225
348,65.39320268,100,0.5,0.5,0,1,1,0,3,0,1,45,0.225
349,64.62416274,100,0.5,0.5,0,1,1,0,3,0,1,46,0.225
350,63.8551228,100,0.5,0.5,0,1,1,0,3,0,1,47,0.225
351,63.08608286,100,0.5,0.5,0,1,1,0,3,0,1,48,0.225
352,62.31704292,100,0.5,0.5,0,1,1,0,3,0,1,49,0.225
353,61.54800298,100,0.5,0.5,0,1,1,0,3,0,1,50,0.225
354,60.77896304,100,0.5,0.5,0,1,1,0,3,0,1,51,0.225
355,60.0099231,100,0.5,0.5,0,1,1,0,3,0,1,52,0.225
356,59.24088316,100,0.5,0.5,0,1,1,0,3,0,1,53,0.225
357,58.47184322,100,0.5,0.5,0,1,1,0,3,0,1,54,0.225
358,57.70280327,100,0.5,0.5,0,1,1,0,3,0,1,55,0.225
359,56.93376333,100,0.5,0.5,0,1,1,0,3,0,1,56,0.225
360,56.16472339,100,0.5,0.5,0,1,1,0,3,0,1,57,0.225
361,55.39568345,100,0.5,0.5,0,1,1,0,3,0,1,58,0.225
362,54.62664351,100,0.5,0.5,0,1,1,0,3,0,1,59,0.225
363,53.85760357,100,0.5,0.5,0,1,1,0,3,0,1,60,0.225
364,53.08856363,100,0.5,0.5,0,1,1,0,3,0,1,61,0.225
365,52.31952369,100,0.5,0.5,0,1,1,0,3,0,1,62,0.225
366,51.55048375,100,0.5,0.5,0,1,1,0,3,0,1,63,0.225
367,50.78144381,100,0.5,0.5,0,1,1,0,3,0,1,64,0.225
368,50.01240387,100,0.5,0.5,0,1,1,0,3,0,1,65,0.225
369,49.24336393,100,0.5,0.5,0,1,1,0,3,0,1,66,0.225
370,48.47432399,100,0.5,0.5,0,1,1,0,3,0,1,67,0.225
371,47.70528405,100,0.5,0.5,0,1,1,0,3,0,1,68,0.225
372,46.93624411,100,0.5,0.5,0,1,1,0,3,0,1,69,0.225
373,46.16720417,100,0.5,0.5,0,1,1,0,3,0,1,70,0.225
374,45.39816423,100,0.5,0.5,0,1,1,0,3,0,1,71,0.225
375,44.62912429,100,0.5,0.5,0,1,1,0,3,0,1,72,0.225
376,43.86008435,100,0.5,0.5,0,1,1,0,3,0,1,73,0.225
377,43.09104441,100,0.5,0.5,0,1,1,0,3,0,1,74,0.225
378,42.32200447,100,0.5,0.5,0,1,1,0,3,0,1,75,0.225
379,41.55296452,100,0.5,0.5,0,1,1,0,3,0,1,76,0.225
380,40.78392458,100,0.5,0.5,0,1,1,0,3,0,1,77,0.225
381,40.01488464,100,0.5,0.5,0,1,1,0,3,0,1,78,0.225
382,39.2458447,100,0.5,0.5,0,1,1,0,3,0,1,79,0.225
383,38.47680476,100,0.5,0.5,0,1,1,0,3,0,1,80,0.225
384,37.70776482,100,0.5,0.5,0,1,1,0,3,0,1,81,0.225
385,36.93872488,100,0.5,0.5,0,1,1,0,3,0,1,82,0.225
386,36.16968494,100,0.5,0.5,0,1,1,0,3,0,1,83,0.225
387,35.400645,100,0.5,0.5,0,1,1,0,3,0,1,84,0.225
388,34.63160506,100,0.5,0.5,0,1,1,0,3,0,1,85,0.225
389,33.86256512,100,0.5,0.5,0,1,1,0,3,0,1,86,0.225
390,33.09352518,100,0.5,0.5,0,1,1,0,3,0,1,87,0.225
391,32.32448524,100,0.5,0.5,0,1,1,0,3,0,1,88,0.225
392,31.5554453,100,0.5,0.5,0,1,1,0,3,0,1,89,0.225
393,30.78640536,100,0.5,0.5,0,1,1,0,3,0,1,90,0.225
394,30.01736542,100,0.5,0.5,0,1,1,0,3,0,1,91,0.225
395,29.24832548,100,0.5,0.5,0,1,1,0,3,0,1,92,0.225
396,28.47928554,100,0.5,0.5,0,1,1,0,3,0,1,93,0.225
397,27.7102456,100,0.5,0.5,0,1,1,0,3,0,1,94,0.225
398,26.94120566,100,0.5,0.5,0,1,1,0,3,0,1,95,0.225
399,26.17216572,100,0.5,0.5,0,1,1,0,3,0,1,96,0.225
400,25.40312578,100,0.5,0.5,0,1,1,0,3,0,1,97,0.225
401,24.63408583,100,0.5,0.5,0,1,1,0,3,0,1,98,0.225
402,23.86504589,100,0.5,0.5,0,1,1,0,3,0,1,99,0.225
403,23.09600595,100,0.5,0.5,0,1,1,0,3,0,1,100,0.225
404,100,100,0.5,0.5,0,1,1,0,4,0,0,0,0.3
405,99.30486594,100,0.5,0.5,0,1,1,0,4,0,1,1,0.3
406,98.60973188,100,0.5,0.5,0,1,1,0,4,0,1,2,0.3
407,97.91459782,100,0.5,0.5,0,1,1,0,4,0,1,3,0.3
408,97.21946375,100,0.5,0.5,0,1,1,0,4,0,1,4,0.3
409,96.52432969,100,0.5,0.5,0,1,1,0,4,0,1,5,0.3
410,95.82919563,100,0.5,0.5,0,1,1,0,4,0,1,6,0.3
411,95.13406157,100,0.5,0.5,0,1,1,0,4,0,1,7,0.3
412,94.43892751,100,0.5,0.5,0,1,1,0,4,0,1,8,0.3
413,93.74379345,100,0.5,0.5,0,1,1,0,4,0,1,9,0.3
414,93.04865938,100,0.5,0.5,0,1,1,0,4,0,1,10,0.3
415,92.35352532,100,0.5,0.5,0,1,1,0,4,0,1,11,0.3
416,91.65839126,100,0.5,0.5,0,1,1,0,4,0,1,12,0.3
417,90.9632572,100,0.5,0.5,0,1,1,0,4,0,1,13,0.3
418,90.26812314,100,0.5,0.5,0,1,1,0,4,0,1,14,0.3
419,89.57298908,100,0.5,0.5,0,1,1,0,4,0,1,15,0.3
420,88.87785501,100,0.5,0.5,0,1,1,0,4,0,1,16,0.3
421,88.18272095,100,0.5,0.5,0,1,1,0,4,0,1,17,0.3
422,87.48758689,100,0.5,0.5,0,1,1,0,4,0,1,18,0.3
423,86.79245283,100,0.5,0.5,0,1,1,0,4,0,1,19,0.3
424,86.09731877,100,0.5,0.5,0,1,1,0,4,0,1,20,0.3
425,85.40218471,100,0.5,0.5,0,1,1,0,4,0,1,21,0.3
426,84.70705065,100,0.5,0.5,0,1,1,0,4,0,1,22,0.3
427,84.01191658,100,0.5,0.5,0,1,1,0,4,0,1,23,0.3
428,83.31678252,100,0.5,0.5,0,1,1,0,4,0,1,24,0.3
429,82.62164846,100,0.5,0.5,0,1,1,0,4,0,1,25,0.3
430,81.9265144,100,0.5,0.5,0,1,1,0,4,0,1,26,0.3
431,81.23138034,100,0.5,0.5,0,1,1,0,4,0,1,27,0.3
432,80.53624628,100,0.5,0.5,0,1,1,0,4,0,1,28,0.3
433,79.84111221,100,0.5,0.5,0,1,1,0,4,0,1,29,0.3
434,79.14597815,100,0.5,0.5,0,1,1,0,4,0,1,30,0.3
435,78.45084409,100,0.5,0.5,0,1,1,0,4,0,1,31,0.3
436,77.75571003,100,0.5,0.5,0,1,1,0,4,0,1,32,0.3
437,77.06057597,100,0.5,0.5,0,1,1,0,4,0,1,33,0.3
438,76.36544191,100,0.5,0.5,0,1,1,0,4,0,1,34,0.3
439,75.67030785,100,0.5,0.5,0,1,1,0,4,0,1,35,0.3
440,74.97517378,100,0.5,0.5,0,1,1,0,4,0,1,36,0.3
441,74.28003972,100,0.5,0.5,0,1,1,0,4,0,1,37,0.3
442,73.58490566,100,0.5,0.5,0,1,1,0,4,0,1,38,0.3
443,72.8897716,100,0.5,0.5,0,1,1,0,4,0,1,39,0.3
444,72.19463754,100,0.5,0.5,0,1,1,0,4,0,1,40,0.3
445,71.49950348,100,0.5,0.5,0,1,1,0,4,0,1,41,0.3
446,70.80436941,100,0.5,0.5,0,1,1,0,4,0,1,42,0.3
447,70.10923535,100,0.5,0.5,0,1,1,0,4,0,1,43,0.3
448,69.41410129,100,0.5,0.5,0,1,1,0,4,0,1,44,0.3
449,68.71896723,100,0.5,0.5,0,1,1,0,4,0,1,45,0.3
450,68.02383317,100,0.5,0.5,0,1,1,0,4,0,1,46,0.3
451,67.32869911,100,0.5,0.5,0,1,1,0,4,0,1,47,0.3
452,66.63356504,100,0.5,0.5,0,1,1,0,4,0,1,48,0.3
453,65.93843098,100,0.5,0.5,0,1,1,0,4,0,1,49,0.3
454,65.24329692,100,0.5,0.5,0,1,1,0,4,0,1,50,0.3
455,64.54816286,100,0.5,0.5,0,1,1,0,4,0,1,51,0.3
456,63.8530288,100,0.5,0.5,0,1,1,0,4,0,1,52,0.3
457,63.15789474,100,0.5,0.5,0,1,1,0,4,0,1,53,0.3
458,62.46276068,100,0.5,0.5,0,1,1,0,4,0,1,54,0.3
459,61.76762661,100,0.5,0.5,0,1,1,0,4,0,1,55,0.3
460,61.07249255,100,0.5,0.5,0,1,1,0,4,0,1,56,0.3
461,60.37735849,100,0.5,0.5,0,1,1,0,4,0,1,57,0.3
462,59.68222443,100,0.5,0.5,0,1,1,0,4,0,1,58,0.3
463,58.98709037,100,0.5,0.5,0,1,1,0,4,0,1,59,0.3
464,58.29195631,100,0.5,0.5,0,1,1,0,4,0,1,60,0.3
465,57.59682224,100,0.5,0.5,0,1,1,0,4,0,1,61,0.3
466,56.90168818,100,0.5,0.5,0,1,1,0,4,0,1,62,0.3
467,56.20655412,100,0.5,0.5,0,1,1,0,4,0,1,63,0.3
468,55.51142006,100,0.5,0.5,0,1,1,0,4,0,1,64,0.3
469,54.816286,100,0.5,0.5,0,1,1,0,4,0,1,65,0.3
470,54.12115194,100,0.5,0.5,0,1,1,0,4,0,1,66,0.3
471,53.42601787,100,0.5,0.5,0,1,1,0,4,0,1,67,0.3
472,52.73088381,100,0.5,0.5,0,1,1,0,4,0,1,68,0.3
473,52.03574975,100,0.5,0.5,0,1,1,0,4,0,1,69,0.3
474,51.34061569,100,0.5,0.5,0,1,1,0,4,0,1,70,0.3
475,50.64548163,100,0.5,0.5,0,1,1,0,4,0,1,71,0.3
476,49.95034757,100,0.5,0.5,0,1,1,0,4,0,1,72,0.3
477,49.25521351,100,0.5,0.5,0,1,1,0,4,0,1,73,0.3
478,48.56007944,100,0.5,0.5,0,1,1,0,4,0,1,74,0.3
479,47.86494538,100,0.5,0.5,0,1,1,0,4,0,1,75,0.3
480,47.16981132,100,0.5,0.5,0,1,1,0,4,0,1,76,0.3
481,46.47467726,100,0.5,0.5,0,1,1,0,4,0,1,77,0.3
482,45.7795432,100,0.5,0.5,0,1,1,0,4,0,1,78,0.3
483,45.08440914,100,0.5,0.5,0,1,1,0,4,0,1,79,0.3
484,44.38927507,100,0.5,0.5,0,1,1,0,4,0,1,80,0.3
485,43.69414101,100,0.5,0.5,0,1,1,0,4,0,1,81,0.3
486,42.99900695,100,0.5,0.5,0,1,1,0,4,0,1,82,0.3
487,42.30387289,100,0.5,0.5,0,1,1,0,4,0,1,83,0.3
488,41.60873883,100,0.5,0.5,0,1,1,0,4,0,1,84,0.3
489,40.91360477,100,0.5,0.5,0,1,1,0,4,0,1,85,0.3
490,40.21847071,100,0.5,0.5,0,1,1,0,4,0,1,86,0.3
491,39.52333664,100,0.5,0.5,0,1,1,0,4,0,1,87,0.3
492,38.82820258,100,0.5,0.5,0,1,1,0,4,0,1,88,0.3
493,38.13306852,100,0.5,0.5,0,1,1,0,4,0,1,89,0.3
494,37.43793446,100,0.5,0.5,0,1,1,0,4,0,1,90,0.3
495,36.7428004,100,0.5,0.5,0,1,1,0,4,0,1,91,0.3
496,36.04766634,100,0.5,0.5,0,1,1,0,4,0,1,92,0.3
497,35.35253227,100,0.5,0.5,0,1,1,0,4,0,1,93,0.3
498,34.65739821,100,0.5,0.5,0,1,1,0,4,0,1,94,0.3
499,33.96226415,100,0.5,0.5,0,1,1,0,4,0,1,95,0.3
500,33.26713009,100,0.5,0.5,0,1,1,0,4,0,1,96,0.3
501,32.57199603,100,0.5,0.5,0,1,1,0,4,0,1,97,0.3
502,31.87686197,100,0.5,0.5,0,1,1,0,4,0,1,98,0.3
503,31.1817279,100,0.5,0.5,0,1,1,0,4,0,1,99,0.3
504,30.48659384,100,0.5,0.5,0,1,1,0,4,0,1,100,0.3